194 BB 2557
194 BA 2551
194 B9 2563
194 BC 255D
194 BF 2510
194 B3 2502
194 B6 2562
194 B5 2561
194 B4 2524
194 B1 2592
194 B8 2555
194 BE 255B
195 80 2514
195 81 2534
195 82 252C
195 83 251C
195 84 2500
195 85 253C
195 86 255E
195 87 255F
195 88 255A
195 89 2554
195 8A 2569
195 8B 2566
195 8C 2560
195 8D 2550
195 8E 256C
195 8F 2567
195 90 2568
195 91 2564
195 92 2565
195 93 2559
195 94 2558
195 95 2552
195 96 2553
195 97 256B
195 98 256A
195 99 2518
195 9A 250C
195 B2 2265
195 B3 2264
195 B9 2218
195 BD 00B2
195 BE 25A0